0.487805
0.000000	0.500000	0.000000	0.000000	0.666667	1.000000	0.400000	0.500000	0.666667	1.000000	0.000000	0.000000	0.666667	0.333333	0.500000	0.000000	0.000000	0.333333	0.500000	0.500000	0.500000	1.000000	1.000000	0.000000	0.000000	0.000000	0.000000	1.000000	0.000000	0.000000	0.000000	0.500000	0.500000	0.666667	0.333333	0.000000	0.000000	0.333333	1.000000	1.000000	1.000000	
0.000000	1.000000	0.000000	0.000000	1.000000	1.000000	1.000000	0.500000	1.000000	0.500000	0.000000	0.000000	1.000000	1.000000	0.500000	0.000000	0.000000	0.500000	1.000000	0.500000	0.500000	0.500000	0.500000	0.000000	0.000000	0.000000	0.000000	1.000000	0.000000	0.000000	0.000000	1.000000	1.000000	1.000000	0.500000	0.000000	0.000000	0.500000	1.000000	1.000000	1.000000	
0.000000	0.666667	0.000000	0.000000	0.800000	1.000000	0.571429	0.500000	0.800000	0.666667	0.000000	0.000000	0.800000	0.500000	0.500000	0.000000	0.000000	0.400000	0.666667	0.500000	0.500000	0.666667	0.666667	0.000000	0.000000	0.000000	0.000000	1.000000	0.000000	0.000000	0.000000	0.666667	0.666667	0.800000	0.400000	0.000000	0.000000	0.400000	1.000000	1.000000	1.000000	
0.475610
0.000000	0.400000	0.333333	0.000000	0.000000	1.000000	0.500000	1.000000	0.500000	0.666667	0.000000	0.000000	1.000000	0.000000	0.500000	0.000000	1.000000	0.500000	0.000000	0.000000	0.500000	0.666667	0.500000	0.666667	0.000000	0.000000	0.000000	1.000000	0.000000	0.666667	0.000000	0.500000	0.333333	1.000000	0.000000	1.000000	0.500000	0.333333	0.000000	0.250000	1.000000	
0.000000	1.000000	0.500000	0.000000	0.000000	1.000000	1.000000	1.000000	0.500000	1.000000	0.000000	0.000000	1.000000	0.000000	0.500000	0.000000	0.500000	1.000000	0.000000	0.000000	1.000000	1.000000	0.500000	1.000000	0.000000	0.000000	0.000000	0.500000	0.000000	1.000000	0.000000	1.000000	0.500000	0.500000	0.000000	0.500000	1.000000	0.500000	0.000000	0.500000	1.000000	
0.000000	0.571429	0.400000	0.000000	0.000000	1.000000	0.666667	1.000000	0.500000	0.800000	0.000000	0.000000	1.000000	0.000000	0.500000	0.000000	0.666667	0.666667	0.000000	0.000000	0.666667	0.800000	0.500000	0.800000	0.000000	0.000000	0.000000	0.666667	0.000000	0.800000	0.000000	0.666667	0.400000	0.666667	0.000000	0.666667	0.666667	0.400000	0.000000	0.333333	1.000000	
0.512195
0.000000	0.400000	0.000000	0.333333	0.666667	1.000000	1.000000	0.333333	0.500000	1.000000	0.000000	0.000000	1.000000	0.500000	0.333333	0.000000	0.333333	0.500000	1.000000	0.333333	0.500000	1.000000	1.000000	0.500000	1.000000	0.000000	1.000000	0.000000	0.000000	0.000000	0.000000	1.000000	0.500000	1.000000	0.000000	0.000000	0.250000	0.666667	1.000000	1.000000	0.500000	
0.000000	1.000000	0.000000	0.500000	1.000000	1.000000	0.500000	0.500000	0.500000	0.500000	0.000000	0.000000	1.000000	0.500000	0.500000	0.000000	0.500000	1.000000	1.000000	0.500000	1.000000	1.000000	0.500000	1.000000	0.500000	0.000000	1.000000	0.000000	0.000000	0.000000	0.000000	0.500000	0.500000	1.000000	0.000000	0.000000	0.500000	1.000000	1.000000	0.500000	0.500000	
0.000000	0.571429	0.000000	0.400000	0.800000	1.000000	0.666667	0.400000	0.500000	0.666667	0.000000	0.000000	1.000000	0.500000	0.400000	0.000000	0.400000	0.666667	1.000000	0.400000	0.666667	1.000000	0.666667	0.666667	0.666667	0.000000	1.000000	0.000000	0.000000	0.000000	0.000000	0.666667	0.500000	1.000000	0.000000	0.000000	0.333333	0.800000	1.000000	0.666667	0.500000	
0.524390
0.000000	1.000000	0.500000	0.500000	0.000000	0.000000	0.500000	0.500000	0.333333	1.000000	1.000000	0.000000	0.250000	0.666667	0.500000	0.000000	0.000000	1.000000	0.500000	0.000000	0.500000	1.000000	1.000000	0.666667	0.000000	0.333333	0.000000	1.000000	0.000000	0.500000	1.000000	0.500000	0.200000	1.000000	0.000000	1.000000	0.333333	0.333333	0.500000	0.333333	0.000000	
0.000000	1.000000	0.500000	0.500000	0.000000	0.000000	0.500000	1.000000	0.500000	1.000000	0.500000	0.000000	0.500000	1.000000	1.000000	0.000000	0.000000	1.000000	1.000000	0.000000	0.500000	1.000000	0.500000	1.000000	0.000000	0.500000	0.000000	0.500000	0.000000	0.500000	1.000000	1.000000	0.500000	1.000000	0.000000	1.000000	0.500000	0.500000	1.000000	0.500000	0.000000	
0.000000	1.000000	0.500000	0.500000	0.000000	0.000000	0.500000	0.666667	0.400000	1.000000	0.666667	0.000000	0.333333	0.800000	0.666667	0.000000	0.000000	1.000000	0.666667	0.000000	0.500000	1.000000	0.666667	0.800000	0.000000	0.400000	0.000000	0.666667	0.000000	0.500000	1.000000	0.666667	0.285714	1.000000	0.000000	1.000000	0.400000	0.400000	0.666667	0.400000	0.000000	
0.524390
0.000000	0.666667	0.500000	0.500000	0.500000	1.000000	0.200000	0.500000	1.000000	1.000000	0.500000	1.000000	0.500000	0.000000	0.000000	0.000000	0.000000	1.000000	0.000000	0.500000	0.500000	0.666667	1.000000	0.666667	0.400000	0.000000	0.333333	1.000000	0.000000	0.000000	1.000000	0.000000	0.400000	1.000000	0.333333	0.000000	0.500000	0.500000	1.000000	0.666667	1.000000	
0.000000	1.000000	0.500000	0.500000	0.500000	1.000000	0.500000	0.500000	1.000000	0.500000	0.500000	0.500000	1.000000	0.000000	0.000000	0.000000	0.000000	0.500000	0.000000	0.500000	0.500000	1.000000	0.500000	1.000000	1.000000	0.000000	0.500000	1.000000	0.000000	0.000000	0.500000	0.000000	1.000000	0.500000	0.500000	0.000000	1.000000	1.000000	0.500000	1.000000	1.000000	
0.000000	0.800000	0.500000	0.500000	0.500000	1.000000	0.285714	0.500000	1.000000	0.666667	0.500000	0.666667	0.666667	0.000000	0.000000	0.000000	0.000000	0.666667	0.000000	0.500000	0.500000	0.800000	0.666667	0.800000	0.571429	0.000000	0.400000	1.000000	0.000000	0.000000	0.666667	0.000000	0.571429	0.666667	0.400000	0.000000	0.666667	0.666667	0.666667	0.800000	1.000000	
