0.121951
0.000000	0.000000	0.000000	0.000000	0.000000	0.000000	0.000000	0.000000	0.000000	0.000000	0.000000	0.000000	0.666667	0.000000	0.000000	0.000000	0.000000	0.333333	0.000000	0.000000	0.000000	0.000000	0.000000	0.000000	0.000000	0.000000	0.000000	0.000000	0.000000	0.000000	0.000000	0.000000	0.500000	0.000000	0.000000	0.250000	0.000000	0.250000	0.250000	0.000000	0.500000	
0.000000	0.000000	0.000000	0.000000	0.000000	0.000000	0.000000	0.000000	0.000000	0.000000	0.000000	0.000000	1.000000	0.000000	0.000000	0.000000	0.000000	1.000000	0.000000	0.000000	0.000000	0.000000	0.000000	0.000000	0.000000	0.000000	0.000000	0.000000	0.000000	0.000000	0.000000	0.000000	0.500000	0.000000	0.000000	0.500000	0.000000	0.500000	0.500000	0.000000	1.000000	
0.000000	0.000000	0.000000	0.000000	0.000000	0.000000	0.000000	0.000000	0.000000	0.000000	0.000000	0.000000	0.800000	0.000000	0.000000	0.000000	0.000000	0.500000	0.000000	0.000000	0.000000	0.000000	0.000000	0.000000	0.000000	0.000000	0.000000	0.000000	0.000000	0.000000	0.000000	0.000000	0.500000	0.000000	0.000000	0.333333	0.000000	0.333333	0.333333	0.000000	0.666667	
0.109756
0.000000	0.500000	0.000000	0.500000	0.000000	0.333333	0.000000	0.000000	0.000000	0.000000	0.000000	0.000000	0.000000	0.000000	0.333333	0.000000	0.000000	0.000000	0.000000	0.000000	0.000000	0.000000	0.000000	0.000000	0.200000	0.000000	0.000000	0.000000	0.000000	0.333333	0.000000	0.000000	0.000000	0.000000	0.000000	0.166667	0.000000	0.166667	0.250000	0.000000	0.000000	
0.000000	0.500000	0.000000	0.500000	0.000000	0.500000	0.000000	0.000000	0.000000	0.000000	0.000000	0.000000	0.000000	0.000000	0.500000	0.000000	0.000000	0.000000	0.000000	0.000000	0.000000	0.000000	0.000000	0.000000	0.500000	0.000000	0.000000	0.000000	0.000000	0.500000	0.000000	0.000000	0.000000	0.000000	0.000000	0.500000	0.000000	0.500000	0.500000	0.000000	0.000000	
0.000000	0.500000	0.000000	0.500000	0.000000	0.400000	0.000000	0.000000	0.000000	0.000000	0.000000	0.000000	0.000000	0.000000	0.400000	0.000000	0.000000	0.000000	0.000000	0.000000	0.000000	0.000000	0.000000	0.000000	0.285714	0.000000	0.000000	0.000000	0.000000	0.400000	0.000000	0.000000	0.000000	0.000000	0.000000	0.250000	0.000000	0.250000	0.333333	0.000000	0.000000	
0.134146
0.000000	0.500000	0.000000	0.000000	0.000000	0.000000	0.000000	0.000000	0.000000	0.000000	0.000000	0.000000	0.666667	0.000000	0.000000	0.000000	0.000000	0.200000	0.000000	0.000000	0.000000	0.250000	0.000000	0.000000	0.000000	0.200000	0.000000	0.000000	0.000000	0.000000	0.000000	0.000000	1.000000	0.000000	0.000000	0.000000	0.142857	0.285714	0.500000	0.000000	0.000000	
0.000000	0.500000	0.000000	0.000000	0.000000	0.000000	0.000000	0.000000	0.000000	0.000000	0.000000	0.000000	1.000000	0.000000	0.000000	0.000000	0.000000	0.500000	0.000000	0.000000	0.000000	0.500000	0.000000	0.000000	0.000000	0.500000	0.000000	0.000000	0.000000	0.000000	0.000000	0.000000	0.500000	0.000000	0.000000	0.000000	0.500000	1.000000	0.500000	0.000000	0.000000	
0.000000	0.500000	0.000000	0.000000	0.000000	0.000000	0.000000	0.000000	0.000000	0.000000	0.000000	0.000000	0.800000	0.000000	0.000000	0.000000	0.000000	0.285714	0.000000	0.000000	0.000000	0.333333	0.000000	0.000000	0.000000	0.285714	0.000000	0.000000	0.000000	0.000000	0.000000	0.000000	0.666667	0.000000	0.000000	0.000000	0.222222	0.444444	0.500000	0.000000	0.000000	
0.158537
1.000000	0.000000	0.000000	0.000000	0.000000	0.000000	0.000000	0.000000	0.000000	0.000000	0.000000	0.250000	0.500000	0.000000	0.000000	0.000000	0.000000	0.250000	0.000000	0.000000	0.000000	0.000000	0.000000	0.000000	0.000000	0.000000	0.000000	0.000000	0.000000	0.000000	0.333333	0.000000	0.500000	0.250000	0.000000	0.333333	0.000000	0.166667	0.142857	0.000000	1.000000	
0.500000	0.000000	0.000000	0.000000	0.000000	0.000000	0.000000	0.000000	0.000000	0.000000	0.000000	0.500000	1.000000	0.000000	0.000000	0.000000	0.000000	0.500000	0.000000	0.000000	0.000000	0.000000	0.000000	0.000000	0.000000	0.000000	0.000000	0.000000	0.000000	0.000000	0.500000	0.000000	1.000000	0.500000	0.000000	0.500000	0.000000	0.500000	0.500000	0.000000	0.500000	
0.666667	0.000000	0.000000	0.000000	0.000000	0.000000	0.000000	0.000000	0.000000	0.000000	0.000000	0.333333	0.666667	0.000000	0.000000	0.000000	0.000000	0.333333	0.000000	0.000000	0.000000	0.000000	0.000000	0.000000	0.000000	0.000000	0.000000	0.000000	0.000000	0.000000	0.400000	0.000000	0.666667	0.333333	0.000000	0.400000	0.000000	0.250000	0.222222	0.000000	0.666667	
0.146341
0.000000	0.000000	0.333333	0.000000	0.000000	0.666667	0.000000	0.000000	1.000000	0.333333	0.000000	0.000000	0.333333	0.000000	0.250000	0.000000	0.000000	0.000000	0.000000	0.000000	0.000000	0.000000	0.000000	0.000000	0.333333	0.000000	0.000000	0.000000	0.000000	0.000000	0.250000	0.000000	0.500000	0.000000	0.000000	0.000000	0.000000	0.142857	0.000000	0.000000	0.000000	
0.000000	0.000000	0.500000	0.000000	0.000000	1.000000	0.000000	0.000000	0.500000	0.500000	0.000000	0.000000	0.500000	0.000000	0.500000	0.000000	0.000000	0.000000	0.000000	0.000000	0.000000	0.000000	0.000000	0.000000	0.500000	0.000000	0.000000	0.000000	0.000000	0.000000	0.500000	0.000000	1.000000	0.000000	0.000000	0.000000	0.000000	0.500000	0.000000	0.000000	0.000000	
0.000000	0.000000	0.400000	0.000000	0.000000	0.800000	0.000000	0.000000	0.666667	0.400000	0.000000	0.000000	0.400000	0.000000	0.333333	0.000000	0.000000	0.000000	0.000000	0.000000	0.000000	0.000000	0.000000	0.000000	0.400000	0.000000	0.000000	0.000000	0.000000	0.000000	0.333333	0.000000	0.666667	0.000000	0.000000	0.000000	0.000000	0.222222	0.000000	0.000000	0.000000	
