0.414634
0.000000	0.666667	0.000000	0.000000	1.000000	1.000000	0.333333	0.000000	0.000000	0.000000	0.000000	0.000000	0.500000	0.500000	1.000000	0.000000	0.000000	0.333333	0.500000	0.000000	0.333333	1.000000	0.000000	0.000000	0.000000	0.000000	0.000000	0.666667	0.000000	0.000000	1.000000	0.333333	0.500000	0.666667	0.000000	1.000000	0.000000	0.200000	1.000000	1.000000	0.666667	
0.000000	1.000000	0.000000	0.000000	0.500000	1.000000	0.500000	0.000000	0.000000	0.000000	0.000000	0.000000	1.000000	1.000000	1.000000	0.000000	0.000000	0.500000	1.000000	0.000000	0.500000	0.500000	0.000000	0.000000	0.000000	0.000000	0.000000	1.000000	0.000000	0.000000	1.000000	1.000000	1.000000	1.000000	0.000000	0.500000	0.000000	0.500000	1.000000	0.500000	1.000000	
0.000000	0.800000	0.000000	0.000000	0.666667	1.000000	0.400000	0.000000	0.000000	0.000000	0.000000	0.000000	0.666667	0.666667	1.000000	0.000000	0.000000	0.400000	0.666667	0.000000	0.400000	0.666667	0.000000	0.000000	0.000000	0.000000	0.000000	0.800000	0.000000	0.000000	1.000000	0.500000	0.666667	0.800000	0.000000	0.666667	0.000000	0.285714	1.000000	0.666667	0.800000	
0.341463
1.000000	0.500000	0.000000	0.000000	0.000000	1.000000	0.000000	0.000000	0.000000	1.000000	0.000000	0.000000	0.500000	0.000000	0.333333	0.000000	0.000000	0.666667	1.000000	0.000000	0.333333	0.666667	0.400000	0.333333	0.000000	0.000000	0.000000	0.000000	0.000000	1.000000	0.000000	0.333333	0.400000	1.000000	0.000000	0.500000	0.400000	0.333333	0.000000	0.200000	0.500000	
0.500000	1.000000	0.000000	0.000000	0.000000	1.000000	0.000000	0.000000	0.000000	0.500000	0.000000	0.000000	0.500000	0.000000	0.500000	0.000000	0.000000	1.000000	0.500000	0.000000	0.500000	1.000000	1.000000	0.500000	0.000000	0.000000	0.000000	0.000000	0.000000	0.500000	0.000000	0.500000	1.000000	0.500000	0.000000	0.500000	1.000000	0.500000	0.000000	0.500000	0.500000	
0.666667	0.666667	0.000000	0.000000	0.000000	1.000000	0.000000	0.000000	0.000000	0.666667	0.000000	0.000000	0.500000	0.000000	0.400000	0.000000	0.000000	0.800000	0.666667	0.000000	0.400000	0.800000	0.571429	0.400000	0.000000	0.000000	0.000000	0.000000	0.000000	0.666667	0.000000	0.400000	0.571429	0.666667	0.000000	0.500000	0.571429	0.400000	0.000000	0.285714	0.500000	
0.390244
0.000000	0.500000	0.000000	0.000000	1.000000	1.000000	1.000000	0.000000	0.500000	1.000000	0.000000	0.000000	1.000000	0.500000	0.333333	0.000000	0.500000	0.333333	1.000000	0.000000	1.000000	0.500000	1.000000	0.333333	0.000000	0.200000	0.333333	1.000000	0.000000	0.500000	0.000000	0.000000	0.666667	1.000000	0.000000	0.000000	0.333333	0.666667	0.500000	0.000000	0.000000	
0.000000	1.000000	0.000000	0.000000	0.500000	0.500000	0.500000	0.000000	0.500000	0.500000	0.000000	0.000000	0.500000	0.500000	0.500000	0.000000	0.500000	1.000000	0.500000	0.000000	1.000000	0.500000	0.500000	1.000000	0.000000	0.500000	0.500000	0.500000	0.000000	0.500000	0.000000	0.000000	1.000000	1.000000	0.000000	0.000000	0.500000	1.000000	0.500000	0.000000	0.000000	
0.000000	0.666667	0.000000	0.000000	0.666667	0.666667	0.666667	0.000000	0.500000	0.666667	0.000000	0.000000	0.666667	0.500000	0.400000	0.000000	0.500000	0.500000	0.666667	0.000000	1.000000	0.500000	0.666667	0.500000	0.000000	0.285714	0.400000	0.666667	0.000000	0.500000	0.000000	0.000000	0.800000	1.000000	0.000000	0.000000	0.400000	0.800000	0.500000	0.000000	0.000000	
0.378049
0.000000	0.666667	0.000000	0.000000	0.000000	0.000000	1.000000	0.000000	1.000000	0.000000	0.500000	0.000000	0.333333	0.666667	0.500000	0.000000	0.000000	0.666667	0.500000	0.000000	0.000000	1.000000	1.000000	0.666667	0.000000	0.000000	0.000000	1.000000	0.000000	0.333333	1.000000	0.000000	0.000000	1.000000	0.000000	0.000000	0.250000	0.166667	0.500000	0.250000	1.000000	
0.000000	1.000000	0.000000	0.000000	0.000000	0.000000	0.500000	0.000000	0.500000	0.000000	0.500000	0.000000	0.500000	1.000000	1.000000	0.000000	0.000000	1.000000	1.000000	0.000000	0.000000	1.000000	0.500000	1.000000	0.000000	0.000000	0.000000	1.000000	0.000000	0.500000	0.500000	0.000000	0.000000	1.000000	0.000000	0.000000	0.500000	0.500000	1.000000	0.500000	0.500000	
0.000000	0.800000	0.000000	0.000000	0.000000	0.000000	0.666667	0.000000	0.666667	0.000000	0.500000	0.000000	0.400000	0.800000	0.666667	0.000000	0.000000	0.800000	0.666667	0.000000	0.000000	1.000000	0.666667	0.800000	0.000000	0.000000	0.000000	1.000000	0.000000	0.400000	0.666667	0.000000	0.000000	1.000000	0.000000	0.000000	0.333333	0.250000	0.666667	0.333333	0.666667	
0.341463
0.000000	1.000000	0.200000	0.000000	0.000000	1.000000	0.250000	0.000000	0.500000	1.000000	1.000000	0.000000	0.500000	0.000000	0.500000	0.000000	0.000000	0.500000	0.000000	0.000000	1.000000	0.500000	0.000000	0.500000	0.000000	1.000000	0.000000	0.250000	0.500000	0.000000	0.500000	0.000000	0.400000	1.000000	0.000000	0.000000	0.500000	0.500000	0.500000	0.142857	1.000000	
0.000000	0.500000	0.500000	0.000000	0.000000	1.000000	0.500000	0.000000	0.500000	0.500000	0.500000	0.000000	1.000000	0.000000	1.000000	0.000000	0.000000	0.500000	0.000000	0.000000	0.500000	0.500000	0.000000	0.500000	0.000000	0.500000	0.000000	0.500000	0.500000	0.000000	0.500000	0.000000	1.000000	0.500000	0.000000	0.000000	0.500000	0.500000	0.500000	0.500000	0.500000	
0.000000	0.666667	0.285714	0.000000	0.000000	1.000000	0.333333	0.000000	0.500000	0.666667	0.666667	0.000000	0.666667	0.000000	0.666667	0.000000	0.000000	0.500000	0.000000	0.000000	0.666667	0.500000	0.000000	0.500000	0.000000	0.666667	0.000000	0.333333	0.500000	0.000000	0.500000	0.000000	0.571429	0.666667	0.000000	0.000000	0.500000	0.500000	0.500000	0.222222	0.666667	
