0.402439
0.000000	1.000000	0.000000	1.000000	0.000000	0.000000	0.000000	1.000000	1.000000	0.000000	0.000000	0.000000	1.000000	0.000000	0.500000	0.000000	0.000000	0.250000	0.400000	1.000000	0.000000	0.000000	0.000000	1.000000	0.200000	0.666667	0.666667	0.000000	0.000000	0.000000	0.000000	1.000000	0.333333	0.000000	0.000000	1.000000	0.333333	0.333333	0.285714	0.500000	0.666667	
0.000000	1.000000	0.000000	1.000000	0.000000	0.000000	0.000000	1.000000	1.000000	0.000000	0.000000	0.000000	0.500000	0.000000	0.500000	0.000000	0.000000	0.500000	1.000000	0.500000	0.000000	0.000000	0.000000	0.500000	1.000000	1.000000	1.000000	0.000000	0.000000	0.000000	0.000000	1.000000	0.500000	0.000000	0.000000	0.500000	0.500000	1.000000	1.000000	0.500000	1.000000	
0.000000	1.000000	0.000000	1.000000	0.000000	0.000000	0.000000	1.000000	1.000000	0.000000	0.000000	0.000000	0.666667	0.000000	0.500000	0.000000	0.000000	0.333333	0.571429	0.666667	0.000000	0.000000	0.000000	0.666667	0.333333	0.800000	0.800000	0.000000	0.000000	0.000000	0.000000	1.000000	0.400000	0.000000	0.000000	0.666667	0.400000	0.500000	0.444444	0.500000	0.800000	
0.426829
0.000000	0.000000	1.000000	0.666667	0.000000	0.000000	0.500000	1.000000	0.000000	0.000000	1.000000	1.000000	0.000000	0.000000	0.500000	0.000000	0.000000	0.166667	0.333333	0.000000	0.000000	0.000000	0.250000	1.000000	0.500000	0.666667	0.666667	0.000000	0.000000	0.166667	0.000000	1.000000	0.666667	0.000000	0.000000	0.666667	0.000000	0.250000	0.285714	0.500000	1.000000	
0.000000	0.000000	0.500000	1.000000	0.000000	0.000000	0.500000	1.000000	0.000000	0.000000	1.000000	1.000000	0.000000	0.000000	0.500000	0.000000	0.000000	0.500000	0.500000	0.000000	0.000000	0.000000	0.500000	0.500000	1.000000	1.000000	1.000000	0.000000	0.000000	0.500000	0.000000	1.000000	1.000000	0.000000	0.000000	1.000000	0.000000	1.000000	1.000000	0.500000	1.000000	
0.000000	0.000000	0.666667	0.800000	0.000000	0.000000	0.500000	1.000000	0.000000	0.000000	1.000000	1.000000	0.000000	0.000000	0.500000	0.000000	0.000000	0.250000	0.400000	0.000000	0.000000	0.000000	0.333333	0.666667	0.666667	0.800000	0.800000	0.000000	0.000000	0.250000	0.000000	1.000000	0.800000	0.000000	0.000000	0.800000	0.000000	0.400000	0.444444	0.500000	1.000000	
0.292683
0.000000	0.333333	1.000000	0.000000	0.000000	0.000000	1.000000	1.000000	0.000000	0.000000	1.000000	0.000000	0.000000	0.000000	0.333333	0.000000	0.000000	0.333333	1.000000	0.000000	0.333333	0.000000	0.000000	0.500000	0.166667	0.400000	0.500000	0.000000	0.000000	0.000000	0.000000	0.666667	0.000000	0.000000	0.000000	0.000000	0.333333	0.153846	0.250000	0.000000	0.000000	
0.000000	0.500000	0.500000	0.000000	0.000000	0.000000	0.500000	1.000000	0.000000	0.000000	0.500000	0.000000	0.000000	0.000000	0.500000	0.000000	0.000000	1.000000	0.500000	0.000000	0.500000	0.000000	0.000000	1.000000	0.500000	1.000000	0.500000	0.000000	0.000000	0.000000	0.000000	1.000000	0.000000	0.000000	0.000000	0.000000	0.500000	1.000000	1.000000	0.000000	0.000000	
0.000000	0.400000	0.666667	0.000000	0.000000	0.000000	0.666667	1.000000	0.000000	0.000000	0.666667	0.000000	0.000000	0.000000	0.400000	0.000000	0.000000	0.500000	0.666667	0.000000	0.400000	0.000000	0.000000	0.666667	0.250000	0.571429	0.500000	0.000000	0.000000	0.000000	0.000000	0.800000	0.000000	0.000000	0.000000	0.000000	0.400000	0.266667	0.400000	0.000000	0.000000	
0.317073
0.000000	0.500000	1.000000	0.500000	0.000000	0.000000	1.000000	0.666667	1.000000	0.000000	1.000000	1.000000	0.000000	0.000000	1.000000	0.000000	1.000000	0.000000	0.250000	0.000000	0.000000	0.000000	0.500000	0.666667	0.125000	0.500000	0.000000	0.000000	0.000000	0.000000	1.000000	0.000000	0.000000	0.000000	0.000000	1.000000	0.250000	0.250000	0.181818	0.000000	0.000000	
0.000000	1.000000	0.500000	0.500000	0.000000	0.000000	0.500000	1.000000	0.500000	0.000000	0.500000	0.500000	0.000000	0.000000	0.500000	0.000000	0.500000	0.000000	0.500000	0.000000	0.000000	0.000000	0.500000	1.000000	0.500000	1.000000	0.000000	0.000000	0.000000	0.000000	0.500000	0.000000	0.000000	0.000000	0.000000	0.500000	0.500000	1.000000	1.000000	0.000000	0.000000	
0.000000	0.666667	0.666667	0.500000	0.000000	0.000000	0.666667	0.800000	0.666667	0.000000	0.666667	0.666667	0.000000	0.000000	0.666667	0.000000	0.666667	0.000000	0.333333	0.000000	0.000000	0.000000	0.500000	0.800000	0.200000	0.666667	0.000000	0.000000	0.000000	0.000000	0.666667	0.000000	0.000000	0.000000	0.000000	0.666667	0.333333	0.400000	0.307692	0.000000	0.000000	
0.329268
0.000000	0.000000	0.000000	0.166667	0.000000	0.000000	0.666667	0.500000	0.666667	1.000000	1.000000	1.000000	0.000000	0.000000	0.000000	0.000000	0.000000	0.333333	0.666667	1.000000	0.000000	0.000000	0.000000	1.000000	0.200000	0.333333	1.000000	0.000000	0.000000	0.000000	0.000000	1.000000	0.000000	0.000000	0.000000	0.000000	0.000000	0.250000	0.222222	0.500000	1.000000	
0.000000	0.000000	0.000000	0.500000	0.000000	0.000000	1.000000	0.500000	1.000000	0.500000	0.500000	1.000000	0.000000	0.000000	0.000000	0.000000	0.000000	1.000000	1.000000	0.500000	0.000000	0.000000	0.000000	1.000000	0.500000	0.500000	0.500000	0.000000	0.000000	0.000000	0.000000	0.500000	0.000000	0.000000	0.000000	0.000000	0.000000	1.000000	1.000000	0.500000	0.500000	
0.000000	0.000000	0.000000	0.250000	0.000000	0.000000	0.800000	0.500000	0.800000	0.666667	0.666667	1.000000	0.000000	0.000000	0.000000	0.000000	0.000000	0.500000	0.800000	0.666667	0.000000	0.000000	0.000000	1.000000	0.285714	0.400000	0.666667	0.000000	0.000000	0.000000	0.000000	0.666667	0.000000	0.000000	0.000000	0.000000	0.000000	0.400000	0.363636	0.500000	0.666667	
