0.731707
1.000000	1.000000	0.000000	1.000000	0.500000	1.000000	0.500000	1.000000	1.000000	1.000000	0.000000	1.000000	1.000000	0.500000	1.000000	1.000000	0.000000	1.000000	0.285714	1.000000	1.000000	1.000000	1.000000	1.000000	0.400000	0.666667	1.000000	0.000000	0.666667	1.000000	0.000000	1.000000	1.000000	0.500000	0.000000	0.000000	0.000000	0.500000	1.000000	0.000000	1.000000	
1.000000	1.000000	0.000000	0.500000	1.000000	1.000000	1.000000	1.000000	1.000000	0.500000	0.000000	1.000000	1.000000	1.000000	1.000000	1.000000	0.000000	1.000000	1.000000	0.500000	1.000000	1.000000	1.000000	1.000000	1.000000	1.000000	0.500000	0.000000	1.000000	1.000000	0.000000	1.000000	1.000000	1.000000	0.000000	0.000000	0.000000	1.000000	1.000000	0.000000	1.000000	
1.000000	1.000000	0.000000	0.666667	0.666667	1.000000	0.666667	1.000000	1.000000	0.666667	0.000000	1.000000	1.000000	0.666667	1.000000	1.000000	0.000000	1.000000	0.444444	0.666667	1.000000	1.000000	1.000000	1.000000	0.571429	0.800000	0.666667	0.000000	0.800000	1.000000	0.000000	1.000000	1.000000	0.666667	0.000000	0.000000	0.000000	0.666667	1.000000	0.000000	1.000000	
0.621951
1.000000	0.500000	1.000000	1.000000	0.333333	1.000000	0.666667	1.000000	1.000000	1.000000	1.000000	1.000000	0.500000	0.500000	0.500000	1.000000	1.000000	0.500000	1.000000	1.000000	0.400000	0.000000	1.000000	1.000000	0.250000	0.500000	0.666667	0.000000	1.000000	0.500000	0.000000	1.000000	0.000000	1.000000	0.000000	1.000000	0.000000	0.400000	0.400000	0.500000	1.000000	
0.500000	1.000000	1.000000	0.500000	1.000000	1.000000	1.000000	1.000000	0.500000	0.500000	0.500000	1.000000	0.500000	0.500000	0.500000	0.500000	1.000000	0.500000	0.500000	0.500000	1.000000	0.000000	0.500000	1.000000	0.500000	1.000000	1.000000	0.000000	0.500000	1.000000	0.000000	0.500000	0.000000	0.500000	0.000000	0.500000	0.000000	1.000000	1.000000	0.500000	1.000000	
0.666667	0.666667	1.000000	0.666667	0.500000	1.000000	0.800000	1.000000	0.666667	0.666667	0.666667	1.000000	0.500000	0.500000	0.500000	0.666667	1.000000	0.500000	0.666667	0.666667	0.571429	0.000000	0.666667	1.000000	0.333333	0.666667	0.800000	0.000000	0.666667	0.666667	0.000000	0.666667	0.000000	0.666667	0.000000	0.666667	0.000000	0.571429	0.571429	0.500000	1.000000	
0.670732
1.000000	0.400000	1.000000	0.500000	0.500000	1.000000	0.666667	1.000000	1.000000	1.000000	1.000000	1.000000	0.333333	1.000000	0.000000	0.000000	1.000000	0.500000	1.000000	0.000000	0.400000	0.000000	1.000000	0.500000	0.500000	0.666667	1.000000	0.000000	0.666667	0.666667	0.000000	1.000000	1.000000	1.000000	0.000000	1.000000	0.500000	0.500000	0.500000	1.000000	0.000000	
1.000000	1.000000	1.000000	0.500000	1.000000	1.000000	1.000000	1.000000	1.000000	1.000000	0.500000	1.000000	0.500000	0.500000	0.000000	0.000000	0.500000	1.000000	1.000000	0.000000	1.000000	0.000000	0.500000	1.000000	1.000000	1.000000	1.000000	0.000000	1.000000	1.000000	0.000000	0.500000	0.500000	1.000000	0.000000	0.500000	0.500000	1.000000	1.000000	0.500000	0.000000	
1.000000	0.571429	1.000000	0.500000	0.666667	1.000000	0.800000	1.000000	1.000000	1.000000	0.666667	1.000000	0.400000	0.666667	0.000000	0.000000	0.666667	0.666667	1.000000	0.000000	0.571429	0.000000	0.666667	0.666667	0.666667	0.800000	1.000000	0.000000	0.800000	0.800000	0.000000	0.666667	0.666667	1.000000	0.000000	0.666667	0.500000	0.666667	0.666667	0.666667	0.000000	
0.756098
1.000000	0.500000	0.666667	1.000000	0.500000	1.000000	0.666667	1.000000	1.000000	1.000000	1.000000	1.000000	0.666667	1.000000	1.000000	1.000000	1.000000	0.333333	0.500000	0.000000	0.666667	1.000000	0.666667	1.000000	0.666667	1.000000	0.000000	0.000000	0.500000	1.000000	0.000000	1.000000	1.000000	0.500000	1.000000	0.000000	0.000000	1.000000	1.000000	0.000000	0.000000	
1.000000	1.000000	1.000000	0.500000	1.000000	1.000000	1.000000	1.000000	1.000000	1.000000	1.000000	1.000000	1.000000	1.000000	0.500000	1.000000	0.500000	0.500000	1.000000	0.000000	1.000000	1.000000	1.000000	1.000000	1.000000	1.000000	0.000000	0.000000	1.000000	1.000000	0.000000	1.000000	1.000000	1.000000	1.000000	0.000000	0.000000	1.000000	1.000000	0.000000	0.000000	
1.000000	0.666667	0.800000	0.666667	0.666667	1.000000	0.800000	1.000000	1.000000	1.000000	1.000000	1.000000	0.800000	1.000000	0.666667	1.000000	0.666667	0.400000	0.666667	0.000000	0.800000	1.000000	0.800000	1.000000	0.800000	1.000000	0.000000	0.000000	0.666667	1.000000	0.000000	1.000000	1.000000	0.666667	1.000000	0.000000	0.000000	1.000000	1.000000	0.000000	0.000000	
0.658537
1.000000	0.500000	0.666667	1.000000	0.285714	1.000000	1.000000	0.666667	1.000000	1.000000	1.000000	1.000000	0.666667	1.000000	0.000000	1.000000	0.500000	0.500000	0.666667	1.000000	0.666667	0.666667	0.000000	0.400000	0.500000	0.500000	1.000000	0.000000	1.000000	0.666667	0.000000	0.000000	1.000000	0.666667	0.000000	0.000000	0.000000	0.400000	1.000000	0.000000	1.000000	
0.500000	1.000000	1.000000	0.500000	1.000000	1.000000	1.000000	1.000000	1.000000	0.500000	1.000000	1.000000	1.000000	1.000000	0.000000	0.500000	0.500000	0.500000	1.000000	0.500000	1.000000	1.000000	0.000000	1.000000	1.000000	1.000000	0.500000	0.000000	1.000000	1.000000	0.000000	0.000000	1.000000	1.000000	0.000000	0.000000	0.000000	1.000000	0.500000	0.000000	0.500000	
0.666667	0.666667	0.800000	0.666667	0.444444	1.000000	1.000000	0.800000	1.000000	0.666667	1.000000	1.000000	0.800000	1.000000	0.000000	0.666667	0.500000	0.500000	0.800000	0.666667	0.800000	0.800000	0.000000	0.571429	0.666667	0.666667	0.666667	0.000000	1.000000	0.800000	0.000000	0.000000	1.000000	0.800000	0.000000	0.000000	0.000000	0.571429	0.666667	0.000000	0.666667	
