0.304878
0.000000	0.000000	0.000000	0.666667	0.000000	0.000000	0.000000	1.000000	0.000000	0.000000	0.000000	0.000000	0.000000	0.000000	0.500000	0.000000	0.000000	0.000000	0.000000	1.000000	0.000000	0.000000	0.000000	1.000000	0.250000	0.250000	0.500000	1.000000	0.000000	0.000000	0.000000	0.500000	0.000000	0.000000	0.000000	0.500000	0.500000	0.250000	0.222222	0.200000	1.000000	
0.000000	0.000000	0.000000	1.000000	0.000000	0.000000	0.000000	0.500000	0.000000	0.000000	0.000000	0.000000	0.000000	0.000000	0.500000	0.000000	0.000000	0.000000	0.000000	0.500000	0.000000	0.000000	0.000000	0.500000	1.000000	1.000000	1.000000	0.500000	0.000000	0.000000	0.000000	1.000000	0.000000	0.000000	0.000000	0.500000	1.000000	1.000000	1.000000	0.500000	1.000000	
0.000000	0.000000	0.000000	0.800000	0.000000	0.000000	0.000000	0.666667	0.000000	0.000000	0.000000	0.000000	0.000000	0.000000	0.500000	0.000000	0.000000	0.000000	0.000000	0.666667	0.000000	0.000000	0.000000	0.666667	0.400000	0.400000	0.666667	0.666667	0.000000	0.000000	0.000000	0.666667	0.000000	0.000000	0.000000	0.500000	0.666667	0.400000	0.363636	0.285714	1.000000	
0.353659
0.000000	0.000000	0.000000	0.000000	0.000000	0.000000	1.000000	0.500000	0.000000	0.000000	1.000000	1.000000	0.000000	0.000000	0.000000	0.000000	0.000000	1.000000	0.333333	1.000000	0.000000	0.000000	0.333333	0.000000	0.400000	0.285714	0.666667	0.000000	0.000000	0.000000	0.000000	1.000000	0.500000	0.000000	0.000000	0.500000	0.333333	0.125000	0.285714	0.333333	1.000000	
0.000000	0.000000	0.000000	0.000000	0.000000	0.000000	0.500000	0.500000	0.000000	0.000000	1.000000	1.000000	0.000000	0.000000	0.000000	0.000000	0.000000	0.500000	0.500000	0.500000	0.000000	0.000000	0.500000	0.000000	1.000000	1.000000	1.000000	0.000000	0.000000	0.000000	0.000000	1.000000	0.500000	0.000000	0.000000	1.000000	0.500000	1.000000	1.000000	1.000000	0.500000	
0.000000	0.000000	0.000000	0.000000	0.000000	0.000000	0.666667	0.500000	0.000000	0.000000	1.000000	1.000000	0.000000	0.000000	0.000000	0.000000	0.000000	0.666667	0.400000	0.666667	0.000000	0.000000	0.400000	0.000000	0.571429	0.444444	0.800000	0.000000	0.000000	0.000000	0.000000	1.000000	0.500000	0.000000	0.000000	0.666667	0.400000	0.222222	0.444444	0.500000	0.666667	
0.219512
0.000000	0.000000	0.000000	0.000000	0.000000	0.000000	0.000000	1.000000	0.000000	0.000000	0.000000	0.000000	0.000000	0.000000	1.000000	0.000000	0.000000	0.000000	0.333333	0.000000	0.500000	0.000000	0.000000	0.500000	0.250000	0.250000	0.333333	0.000000	0.000000	0.000000	0.000000	0.666667	0.000000	0.000000	0.000000	0.000000	0.200000	0.105263	0.222222	0.500000	1.000000	
0.000000	0.000000	0.000000	0.000000	0.000000	0.000000	0.000000	0.500000	0.000000	0.000000	0.000000	0.000000	0.000000	0.000000	0.500000	0.000000	0.000000	0.000000	0.500000	0.000000	0.500000	0.000000	0.000000	0.500000	0.500000	1.000000	0.500000	0.000000	0.000000	0.000000	0.000000	1.000000	0.000000	0.000000	0.000000	0.000000	0.500000	1.000000	1.000000	0.500000	0.500000	
0.000000	0.000000	0.000000	0.000000	0.000000	0.000000	0.000000	0.666667	0.000000	0.000000	0.000000	0.000000	0.000000	0.000000	0.666667	0.000000	0.000000	0.000000	0.400000	0.000000	0.500000	0.000000	0.000000	0.500000	0.333333	0.400000	0.400000	0.000000	0.000000	0.000000	0.000000	0.800000	0.000000	0.000000	0.000000	0.000000	0.285714	0.190476	0.363636	0.500000	0.666667	
0.280488
0.000000	0.000000	1.000000	0.000000	0.000000	0.000000	0.000000	1.000000	0.000000	0.000000	1.000000	0.000000	0.000000	0.000000	0.333333	1.000000	1.000000	0.000000	0.500000	0.000000	0.000000	0.000000	0.000000	0.666667	0.142857	0.166667	0.500000	0.000000	0.000000	0.000000	1.000000	0.500000	0.000000	0.000000	0.000000	1.000000	0.250000	0.166667	0.166667	0.000000	0.000000	
0.000000	0.000000	0.500000	0.000000	0.000000	0.000000	0.000000	1.000000	0.000000	0.000000	0.500000	0.000000	0.000000	0.000000	0.500000	0.500000	0.500000	0.000000	1.000000	0.000000	0.000000	0.000000	0.000000	1.000000	0.500000	0.500000	0.500000	0.000000	0.000000	0.000000	0.500000	1.000000	0.000000	0.000000	0.000000	0.500000	0.500000	1.000000	1.000000	0.000000	0.000000	
0.000000	0.000000	0.666667	0.000000	0.000000	0.000000	0.000000	1.000000	0.000000	0.000000	0.666667	0.000000	0.000000	0.000000	0.400000	0.666667	0.666667	0.000000	0.666667	0.000000	0.000000	0.000000	0.000000	0.800000	0.222222	0.250000	0.500000	0.000000	0.000000	0.000000	0.666667	0.666667	0.000000	0.000000	0.000000	0.666667	0.333333	0.285714	0.285714	0.000000	0.000000	
0.268293
0.000000	0.000000	0.000000	0.000000	0.000000	0.000000	0.000000	0.500000	0.333333	0.000000	1.000000	1.000000	0.000000	0.000000	0.000000	0.000000	0.200000	0.500000	0.000000	1.000000	0.000000	0.000000	0.000000	1.000000	0.200000	0.500000	0.333333	0.000000	0.000000	0.000000	0.000000	0.500000	0.000000	0.000000	0.000000	0.000000	0.250000	0.142857	0.222222	0.166667	1.000000	
0.000000	0.000000	0.000000	0.000000	0.000000	0.000000	0.000000	0.500000	0.500000	0.000000	0.500000	0.500000	0.000000	0.000000	0.000000	0.000000	0.500000	1.000000	0.000000	0.500000	0.000000	0.000000	0.000000	1.000000	0.500000	1.000000	0.500000	0.000000	0.000000	0.000000	0.000000	0.500000	0.000000	0.000000	0.000000	0.000000	0.500000	1.000000	1.000000	0.500000	0.500000	
0.000000	0.000000	0.000000	0.000000	0.000000	0.000000	0.000000	0.500000	0.400000	0.000000	0.666667	0.666667	0.000000	0.000000	0.000000	0.000000	0.285714	0.666667	0.000000	0.666667	0.000000	0.000000	0.000000	1.000000	0.285714	0.666667	0.400000	0.000000	0.000000	0.000000	0.000000	0.500000	0.000000	0.000000	0.000000	0.000000	0.333333	0.250000	0.363636	0.250000	0.666667	
