0.243902
0.000000	0.000000	0.000000	0.000000	0.000000	0.000000	0.000000	0.000000	0.000000	0.000000	0.000000	0.000000	0.000000	0.000000	0.333333	0.000000	1.000000	0.000000	0.000000	1.000000	0.000000	0.000000	0.000000	1.000000	0.333333	0.000000	0.000000	0.000000	0.000000	0.000000	0.000000	0.285714	0.000000	0.000000	0.000000	0.666667	0.400000	0.200000	0.200000	0.200000	1.000000	
0.000000	0.000000	0.000000	0.000000	0.000000	0.000000	0.000000	0.000000	0.000000	0.000000	0.000000	0.000000	0.000000	0.000000	0.500000	0.000000	0.500000	0.000000	0.000000	0.500000	0.000000	0.000000	0.000000	0.500000	1.000000	0.000000	0.000000	0.000000	0.000000	0.000000	0.000000	1.000000	0.000000	0.000000	0.000000	1.000000	1.000000	1.000000	1.000000	1.000000	1.000000	
0.000000	0.000000	0.000000	0.000000	0.000000	0.000000	0.000000	0.000000	0.000000	0.000000	0.000000	0.000000	0.000000	0.000000	0.400000	0.000000	0.666667	0.000000	0.000000	0.666667	0.000000	0.000000	0.000000	0.666667	0.500000	0.000000	0.000000	0.000000	0.000000	0.000000	0.000000	0.444444	0.000000	0.000000	0.000000	0.800000	0.571429	0.333333	0.333333	0.333333	1.000000	
0.268293
0.000000	0.000000	0.000000	0.000000	0.000000	0.000000	0.000000	0.000000	0.000000	0.000000	1.000000	1.000000	0.000000	0.000000	0.000000	0.000000	0.000000	0.000000	0.000000	1.000000	0.000000	0.000000	0.500000	0.000000	0.250000	0.333333	0.666667	0.000000	0.000000	0.000000	0.000000	0.666667	0.000000	0.000000	0.000000	0.400000	0.333333	0.133333	0.181818	0.181818	1.000000	
0.000000	0.000000	0.000000	0.000000	0.000000	0.000000	0.000000	0.000000	0.000000	0.000000	1.000000	0.500000	0.000000	0.000000	0.000000	0.000000	0.000000	0.000000	0.000000	0.500000	0.000000	0.000000	0.500000	0.000000	0.500000	1.000000	1.000000	0.000000	0.000000	0.000000	0.000000	1.000000	0.000000	0.000000	0.000000	1.000000	0.500000	1.000000	1.000000	1.000000	0.500000	
0.000000	0.000000	0.000000	0.000000	0.000000	0.000000	0.000000	0.000000	0.000000	0.000000	1.000000	0.666667	0.000000	0.000000	0.000000	0.000000	0.000000	0.000000	0.000000	0.666667	0.000000	0.000000	0.500000	0.000000	0.333333	0.500000	0.800000	0.000000	0.000000	0.000000	0.000000	0.800000	0.000000	0.000000	0.000000	0.571429	0.400000	0.235294	0.307692	0.307692	0.666667	
0.146341
0.000000	0.000000	0.000000	0.000000	0.000000	0.000000	0.000000	0.000000	0.000000	0.000000	0.000000	0.000000	0.000000	0.000000	0.000000	0.000000	0.000000	0.000000	0.500000	0.000000	0.000000	0.000000	0.000000	0.000000	0.000000	0.000000	0.000000	0.000000	0.000000	0.000000	0.000000	0.400000	0.000000	0.000000	0.000000	0.500000	0.250000	0.095238	0.222222	0.153846	0.500000	
0.000000	0.000000	0.000000	0.000000	0.000000	0.000000	0.000000	0.000000	0.000000	0.000000	0.000000	0.000000	0.000000	0.000000	0.000000	0.000000	0.000000	0.000000	0.500000	0.000000	0.000000	0.000000	0.000000	0.000000	0.000000	0.000000	0.000000	0.000000	0.000000	0.000000	0.000000	1.000000	0.000000	0.000000	0.000000	0.500000	0.500000	1.000000	1.000000	1.000000	0.500000	
0.000000	0.000000	0.000000	0.000000	0.000000	0.000000	0.000000	0.000000	0.000000	0.000000	0.000000	0.000000	0.000000	0.000000	0.000000	0.000000	0.000000	0.000000	0.500000	0.000000	0.000000	0.000000	0.000000	0.000000	0.000000	0.000000	0.000000	0.000000	0.000000	0.000000	0.000000	0.571429	0.000000	0.000000	0.000000	0.500000	0.333333	0.173913	0.363636	0.266667	0.500000	
0.182927
0.000000	0.000000	0.000000	0.000000	0.000000	0.000000	0.000000	0.000000	0.000000	0.000000	0.000000	0.000000	0.000000	0.000000	0.000000	1.000000	0.000000	0.000000	0.666667	0.000000	0.000000	0.000000	0.000000	0.250000	0.333333	0.111111	0.000000	0.000000	0.000000	0.000000	0.000000	0.333333	0.000000	0.000000	0.000000	0.333333	0.250000	0.142857	0.153846	0.000000	1.000000	
0.000000	0.000000	0.000000	0.000000	0.000000	0.000000	0.000000	0.000000	0.000000	0.000000	0.000000	0.000000	0.000000	0.000000	0.000000	0.500000	0.000000	0.000000	1.000000	0.000000	0.000000	0.000000	0.000000	0.500000	0.500000	0.500000	0.000000	0.000000	0.000000	0.000000	0.000000	1.000000	0.000000	0.000000	0.000000	0.500000	0.500000	1.000000	1.000000	0.000000	0.500000	
0.000000	0.000000	0.000000	0.000000	0.000000	0.000000	0.000000	0.000000	0.000000	0.000000	0.000000	0.000000	0.000000	0.000000	0.000000	0.666667	0.000000	0.000000	0.800000	0.000000	0.000000	0.000000	0.000000	0.333333	0.400000	0.181818	0.000000	0.000000	0.000000	0.000000	0.000000	0.500000	0.000000	0.000000	0.000000	0.400000	0.333333	0.250000	0.266667	0.000000	0.666667	
0.219512
0.000000	0.000000	0.000000	0.000000	0.000000	0.000000	0.000000	0.000000	0.000000	0.000000	1.000000	0.000000	0.000000	0.000000	0.000000	0.000000	0.000000	0.000000	0.000000	1.000000	0.000000	0.000000	0.000000	0.666667	0.250000	0.333333	0.333333	1.000000	0.000000	0.000000	0.000000	0.333333	0.000000	0.000000	0.000000	0.250000	0.250000	0.111111	0.200000	0.222222	0.333333	
0.000000	0.000000	0.000000	0.000000	0.000000	0.000000	0.000000	0.000000	0.000000	0.000000	0.500000	0.000000	0.000000	0.000000	0.000000	0.000000	0.000000	0.000000	0.000000	0.500000	0.000000	0.000000	0.000000	1.000000	0.500000	0.500000	0.500000	0.500000	0.000000	0.000000	0.000000	0.500000	0.000000	0.000000	0.000000	0.500000	0.500000	1.000000	1.000000	1.000000	0.500000	
0.000000	0.000000	0.000000	0.000000	0.000000	0.000000	0.000000	0.000000	0.000000	0.000000	0.666667	0.000000	0.000000	0.000000	0.000000	0.000000	0.000000	0.000000	0.000000	0.666667	0.000000	0.000000	0.000000	0.800000	0.333333	0.400000	0.400000	0.666667	0.000000	0.000000	0.000000	0.400000	0.000000	0.000000	0.000000	0.333333	0.333333	0.200000	0.333333	0.363636	0.400000	
